#This is an exampile file. it will display most of europe and africa. 
#GB 
LINE
COLOR79A888
-58 -19 
-38 -6 
-53 -1 
-50 4 
-45 14 
-31 15 
-36 29 
-53 30 
-77 50 
-64 65 
-29 67 
-41 58 
-17 57 
-25 41 
0 10 
17 8 
12 -10 
-58 -19 

#IRL 
LINE
COLOR79CC88
-63	-7 
-97	-6 
-105 2 
-94	10 
-102 15 
-101 23 
-88	24 
-84	31 
-62	33 
-54	23 
-64	20 
-58	9 
-63	-7 
 
#africa 
LINE
COLOR7CC888
98 -480 
56 -474 
45 -455 
31 -474 
-83 -472 
-169 -406 
-174 -299 
-133 -242 
-101 -227 
-94 -194 
-76 -182 
-60 -163 
-54 -161 
-46 -169 
-17 -168 
13 -155 
101 -148 
111 -167 
100 -181 
153 -197 
155 -205 
191 -218 
202 -210 
199 -201 
211 -192 
232 -193 
233 -198 
293 -212 
311 -204 
323 -207 
323 -214 
324 -216 
323 -217 
325 -218 
326 -221 
324 -224 
326 -226 
329 -234 
335 -240 
336 -242 
335 -244 
356 -280 
357 -292 
370 -299 
374 -331 
387 -341 
395 -363 
434 -397 
442 -416 
513 -401 
491 -459 
475 -480 
 
#eurasia 
LINE
COLOR79A833
323 -207 
326 -209 
331 -208 
338 -209 
345 -205 
349 -192 
351 -192 
357 -177 
360 -175 
359 -166 
357 -164 
360 -160 
358 -157 
362 -154 
360 -151 
354 -155 
347 -152 
337 -159 
325 -159 
320 -155 
307 -151 
304 -158 
292 -157 
272 -150 
261 -125 
262 -120 
268 -116 
290 -116 
294 -113 
290 -110 
292 -108 
312 -109 
333 -100 
402 -111 
417 -103 
372 -69 
382 -57 
378 -53 
392 -50 
392 -47 
346 -59 
352 -67 
366 -66 
364 -69 
337 -76 
313 -53 
277 -95 
291 -108 
290 -110 
288 -111 
275 -110 
272 -114 
267 -116 
261 -120 
262 -117 
268 -114 
237 -112 
243 -119 
235 -121 
228 -115 
226 -119 
246 -140 
243 -143 
239 -143 
235 -141 
230 -141 
235 -146 
231 -147 
227 -144 
232 -156 
227 -152 
224 -156 
220 -150 
218 -153 
193 -116 
196 -102 
166 -85 
159 -85 
142 -69 
139 -72 
134 -62 
124 -66 
124 -78 
136 -84 
148 -100 
161 -101 
162 -103 
159 -105 
185 -118 
183 -122 
171 -115 
165 -123 
171 -126 
171 -133 
166 -133 
166 -136 
160 -141 
156 -140 
156 -138 
151 -147 
153 -150 
149 -154 
124 -143 
126 -129 
143 -140 
162 -133 
157 -119 
149 -118 
126 -106 
105 -91 
101 -81 
88 -76 
81 -81 
60 -90 
40 -85 
30 -90 
32 -101 
21 -108 
0 -110 
-3 -125 
-1 -131 
0 -133 
-8 -144 
-18 -147 
-21 -153 
-52 -156 
-55 -160 
-61 -158 
-70 -148 
-90 -150 
-88 -136 
-95 -133 
-93 -127 
-86 -109 
-93 -90 
-77 -82 
-17 -86 
-12 -58 
-44 -42 
-47 -34 
-17 -38 
-20 -23 
15 -19 
16 -11 
42 1 
49 14 
83 18 
84 51 
105 58 
108 38 
124 42 
126 36 
120 26 
100 29 
99 25 
121 22 
134 27 
144 19 
162 23 
165 26 
185 29 
189 23 
210 30 
216 56 
227 57 
234 50 
245 52 
244 64 
218 61 
225 71 
279 74 
298 81 
278 85 
228 79 
213 86 
211 119 
253 132 
225 139 
213 122 
178 105 
172 87 
192 78 
159 42 
143 41 
143 34 
130 34 
125 43 
129 45 
123 49 
105 75 
104 71 
97 70 
81 61 
68 61 
56 66 
47 100 
77 112 
107 129 
155 162 
127 159 
193 182 
257 191 
313 184 
297 180 
415 155 
390 140 
327 150 
348 139 
351 125 
380 119 
365 130 
398 126 
398 135 
422 145 
440 142 
436 167 
593 173 
517 196 
586 239 
688 250 
684 241 
615 233 
554 201 
683 165 
663 186 
706 217 
777 208 
1129 248 
1136 216 
1326 200 
1417 217 
1613 178 
1699 141 
1695 169 
1709 170 
1705 182 
1793 175 
1901 141 
1873 122 
1809 139 
1782 123 
1803 105 
1702 79 
1637 69 
1620 28 
1564 -12 
1557 44 
1614 83 
1570 97 
1540 72 
1423 71 
1358 27 
1430 17 
1441 -27 
1420 -59 
1420 -7 
1408 -4 
1404 -35 
1341 -91 
1314 -94 
1275 -125 
1298 -166 
1260 -177 
1263 -145 
1247 -141 
1254 -125 
1227 -124 
1212 -133 
1225 -114 
1211 -111 
1176 -134 
1195 -147 
1207 -141 
1224 -147 
1191 -171 
1227 -210 
1181 -281 
1059 -322 
1095 -400 
1049 -435 
1001 -387 
994 -430 
1036 -473 
1046 -514 
1012 -489 
982 -440 
974 -355 
942 -360 
944 -337 
914 -300 
885 -301 
802 -365 
806 -391 
799 -418 
819 -447 
817 -456 
802 -461 
797 -432 
788 -428 
774 -440 
732 -360 
724 -299 
720 -309 
707 -313 
664 -267 
574 -262 
568 -249 
548 -256 
513 -241 
499 -218 
478 -226 
510 -261 
541 -275 
564 -258 
568 -278 
597 -296 
578 -332 
522 -365 
439 -394 
435 -393 
432 -388 
424 -350 
396 -315 
350 -238 
341 -243 
332 -234 
326 -221 
325 -218 
323 -217 
323 -214 
323 -207 
 
#caspian sea 
LINE
COLOR792388
489	-143 
499	-115 
469	-74 
513	-48 
528	-49 
532	-66 
515	-67 
514	-75 
502	-74 
503	-76 
526	-93 
527	-105 
536	-98 
548	-110 
530	-112 
528	-120 
540	-131 
540	-151 
515	-154 
489	-143 
 
#iceland 
LINE
COLOR723888
-132	130 
-150	122 
-188	113 
-215	119 
-226	117 
-229	120 
-219	121 
-225	128 
-241	128 
-224	132 
-227	136 
-246	135 
-228	145 
-210	136 
-203	141 
-165	143 
-170	147 
-137	136 
-132	130 
